877189924376440832
877408973920305204
877245454121828362
877245453069090896
877245452318310420
877245451512999966
877594342141853696
877245450875449384
877245461289926656
877245450065969192
877245449289994270
877245448421781574
877245460430082068
877245447733915678
877245459247284296
877245446228181002
877777664994320416
877594339843403867
877245445456396298
877245444743372890
877423120280092712
877414485877477427
877594340732592138
877587336442032190
877245443774504960
877587326606397470
877594341504335934
877245457783480360
877393573715263521
877390399839289407
878330744152416287
